1. store time path info:  A店第一次刷仓
  2. FOE1
    3. AA042027   2.0   28.0   0.21505   35.91335
    3. AA041628   2.0   26.0   0.172368   28.785456
    3. AB011240   13.0   81.89999999999999   0.67704   113.06568
    3. AA012069FBM   11.0   148.5   1.3975499999999998   233.39084999999997
    3. AA012017FBM   4.0   54.0   0.5082   84.8694
    3. 20IN-PK   2.0   27.0   0.2541   42.4347
    3. AA041627   1.0   13.0   0.086184   14.392728
    3. AA041829   2.0   27.6   0.176256   29.434752
    3. AA041827   4.0   55.2   0.352512   58.869504
    3. 18IN-PL   5.0   67.0   0.546   91.182
  2. SMF6
    3. AA042027   5.0   70.0   0.537625   89.783375
    3. AA041628   1.0   13.0   0.086184   14.392728
    3. AB011240   18.0   113.39999999999999   0.93744   156.55248
    3. AA012069FBM   5.0   67.5   0.63525   106.08675
    3. AB011248   15.0   94.5   0.7812   130.4604
    3. AA012017FBM   14.0   189.0   1.7787   297.0429
    3. AA041627   12.0   156.0   1.034208   172.712736
    3. AA041829   5.0   69.0   0.44064   73.58688
    3. 18IN-PL   3.0   40.2   0.3276   54.7092
  2. OKC2
    3. AA041628   3.0   39.0   0.258552   43.178184
    3. AB011240   15.0   94.5   0.7812   130.4604
    3. AA012069FBM   4.0   54.0   0.5082   84.8694
    3. AB011248   11.0   69.3   0.5728800000000001   95.67096000000001
    3. AA012017FBM   8.0   108.0   1.0164   169.7388
    3. 20IN-PK   1.0   13.5   0.12705   21.21735
    3. AA041627   6.0   78.0   0.517104   86.356368
  2. GSO1
    3. AA042027   3.0   42.0   0.322575   53.870025
    3. AA041628   3.0   39.0   0.258552   43.178184
    3. AB011240   15.0   94.5   0.7812   130.4604
    3. AA012069FBM   11.0   148.5   1.3975499999999998   233.39084999999997
    3. AA012017FBM   6.0   81.0   0.7623   127.30409999999999
    3. 20IN-PK   3.0   40.5   0.38115   63.652049999999996
    3. AA041627   10.0   130.0   0.8618399999999999   143.92728
    3. AA012016FBM   7.0   94.5   0.88935   148.52145
    3. AA041829   1.0   13.8   0.088128   14.717376
    3. AA041827   5.0   69.0   0.44064   73.58688
    3. 18IN-PL   2.0   26.8   0.2184   36.4728
  2. XEW5
    3. AA042027   20.0   280.0   2.1505   359.1335
    3. AA041628   3.0   39.0   0.258552   43.178184
    3. AB011240   19.0   119.7   0.9895200000000001   165.24984
    3. AA012069FBM   9.0   121.5   1.14345   190.95615
    3. AB011248   4.0   25.2   0.20832   34.78944
    3. AA012017FBM   8.0   108.0   1.0164   169.7388
    3. 20IN-PK   5.0   67.5   0.63525   106.08675
    3. AA041627   6.0   78.0   0.517104   86.356368
    3. AA012016FBM   13.0   175.5   1.65165   275.82555
    3. AA041829   4.0   55.2   0.352512   58.869504
    3. AA041827   3.0   41.400000000000006   0.264384   44.152128000000005
    3. 18IN-PL   4.0   53.6   0.4368   72.9456
1. store time path info:  A店第三次刷仓
  2. SMF6
    3. AA012069FBM   1.0   13.5   0.12705   21.21735
    3. AB011240   16.0   100.8   0.83328   139.15776
    3. AB011248   15.0   94.5   0.7812   130.4604
    3. AA041829   3.0   41.400000000000006   0.264384   44.152128000000005
    3. AA042027   5.0   70.0   0.537625   89.783375
    3. AA041627   10.0   130.0   0.8618399999999999   143.92728
    3. AA012017FBM   14.0   189.0   1.7787   297.0429
    3. 18IN-PL   3.0   40.2   0.3276   54.7092
  2. SAT4
    3. AA012069FBM   4.0   54.0   0.5082   84.8694
    3. AB011240   7.0   44.1   0.36456   60.88152
    3. AB011248   11.0   69.3   0.5728800000000001   95.67096000000001
    3. AA041627   5.0   65.0   0.43091999999999997   71.96364
    3. AA041628   3.0   39.0   0.258552   43.178184
    3. AA012017FBM   1.0   13.5   0.12705   21.21735
    3. 18IN-PL   1.0   13.4   0.1092   18.2364
  2. XEW5
    3. AA012069FBM   13.0   175.5   1.65165   275.82555
    3. AB011240   28.0   176.4   1.45824   243.52608
    3. AB011248   4.0   25.2   0.20832   34.78944
    3. 20IN-PK   6.0   81.0   0.7623   127.30409999999999
    3. AA041829   5.0   69.0   0.44064   73.58688
    3. AA042027   20.0   280.0   2.1505   359.1335
    3. AA012016FBM   13.0   175.5   1.65165   275.82555
    3. AA041627   15.0   195.0   1.29276   215.89092
    3. AA041628   3.0   39.0   0.258552   43.178184
    3. AA012017FBM   8.0   108.0   1.0164   169.7388
    3. AA041827   4.0   55.2   0.352512   58.869504
    3. 18IN-PL   4.0   53.6   0.4368   72.9456
  2. ORD2
    3. AA012069FBM   17.0   229.5   2.15985   360.69495
    3. AB011240   19.0   119.7   0.9895200000000001   165.24984
    3. 20IN-PK   4.0   54.0   0.5082   84.8694
    3. AA041829   2.0   27.6   0.176256   29.434752
    3. AA042027   5.0   70.0   0.537625   89.783375
    3. AA012016FBM   7.0   94.5   0.88935   148.52145
    3. AA041627   2.0   26.0   0.172368   28.785456
    3. AA041628   5.0   65.0   0.43091999999999997   71.96364
    3. AA012017FBM   10.0   135.0   1.2705   212.1735
    3. AA041827   8.0   110.4   0.705024   117.739008
    3. 18IN-PL   6.0   80.4   0.6552   109.4184
  2. PHX5
    3. AA012069FBM   5.0   67.5   0.63525   106.08675
    3. AB011240   10.0   63.0   0.5208   86.9736
    3. 20IN-PK   1.0   13.5   0.12705   21.21735
    3. AA041829   2.0   27.6   0.176256   29.434752
    3. AA041627   3.0   39.0   0.258552   43.178184
    3. AA041628   1.0   13.0   0.086184   14.392728
    3. AA012017FBM   7.0   94.5   0.88935   148.52145
1. store time path info:  A店第二次刷仓
  2. JVL1
    3. 18IN-PL   5.0   67.0   0.546   91.182
    3. AB011240   14.0   88.2   0.72912   121.76304
    3. AA041628   5.0   65.0   0.43091999999999997   71.96364
    3. AA041827   4.0   55.2   0.352512   58.869504
    3. AA042027   3.0   42.0   0.322575   53.870025
    3. AA041829   2.0   27.6   0.176256   29.434752
    3. 20IN-PK   2.0   27.0   0.2541   42.4347
    3. AA012017FBM   4.0   54.0   0.5082   84.8694
    3. AA012069FBM   16.0   216.0   2.0328   339.4776
    3. AA041627   1.0   13.0   0.086184   14.392728
  2. GSO1
    3. 18IN-PL   2.0   26.8   0.2184   36.4728
    3. AB011240   15.0   94.5   0.7812   130.4604
    3. AA041628   3.0   39.0   0.258552   43.178184
    3. AA041827   5.0   69.0   0.44064   73.58688
    3. AA042027   2.0   28.0   0.21505   35.91335
    3. AA041829   1.0   13.8   0.088128   14.717376
    3. 20IN-PK   2.0   27.0   0.2541   42.4347
    3. AA012017FBM   7.0   94.5   0.88935   148.52145
    3. AA012069FBM   5.0   67.5   0.63525   106.08675
    3. AA012016FBM   7.0   94.5   0.88935   148.52145
    3. AA041627   10.0   130.0   0.8618399999999999   143.92728
  2. SAT4
    3. AB011240   7.0   44.1   0.36456   60.88152
    3. AA041628   3.0   39.0   0.258552   43.178184
    3. AB011248   12.0   75.6   0.62496   104.36832
    3. AA012017FBM   1.0   13.5   0.12705   21.21735
    3. AA012069FBM   4.0   54.0   0.5082   84.8694
    3. AA041627   5.0   65.0   0.43091999999999997   71.96364
  2. XEW5
    3. 18IN-PL   4.0   53.6   0.4368   72.9456
    3. AB011240   19.0   119.7   0.9895200000000001   165.24984
    3. AB011248   4.0   25.2   0.20832   34.78944
    3. AA041827   3.0   41.400000000000006   0.264384   44.152128000000005
    3. AA042027   20.0   280.0   2.1505   359.1335
    3. AA041829   4.0   55.2   0.352512   58.869504
    3. 20IN-PK   6.0   81.0   0.7623   127.30409999999999
    3. AA012017FBM   8.0   108.0   1.0164   169.7388
    3. AA012069FBM   9.0   121.5   1.14345   190.95615
    3. AA012016FBM   13.0   175.5   1.65165   275.82555
    3. AA041627   6.0   78.0   0.517104   86.356368
  2. PHX5
    3. 18IN-PL   3.0   40.2   0.3276   54.7092
    3. AB011240   25.0   157.5   1.302   217.434
    3. AA041628   1.0   13.0   0.086184   14.392728
    3. AB011248   14.0   88.2   0.72912   121.76304
    3. AA042027   5.0   70.0   0.537625   89.783375
    3. AA041829   5.0   69.0   0.44064   73.58688
    3. 20IN-PK   1.0   13.5   0.12705   21.21735
    3. AA012017FBM   20.0   270.0   2.541   424.347
    3. AA012069FBM   6.0   81.0   0.7623   127.30409999999999
    3. AA041627   13.0   169.0   1.120392   187.105464
k: A店第一次刷仓
k: FOE1 v: [46.0, 528.2, 4.39, 732.34]
k: SMF6 v: [78.0, 812.6, 6.56, 1095.33]
k: OKC2 v: [48.0, 456.3, 3.78, 631.49]
k: GSO1 v: [66.0, 779.6, 6.4, 1069.08]
k: XEW5 v: [98.0, 1164.6, 9.62, 1607.28]
k: A店第三次刷仓
k: SMF6 v: [67.0, 679.4, 5.51, 920.45]
k: SAT4 v: [32.0, 298.3, 2.37, 396.02]
k: XEW5 v: [123.0, 1433.4, 11.68, 1950.61]
k: ORD2 v: [85.0, 1012.1, 8.49, 1418.63]
k: PHX5 v: [29.0, 318.1, 2.69, 449.8]
k: A店第二次刷仓
k: JVL1 v: [56.0, 655.0, 5.44, 908.26]
k: GSO1 v: [59.0, 684.6, 5.53, 923.82]
k: SAT4 v: [32.0, 291.2, 2.31, 386.48]
k: XEW5 v: [96.0, 1139.1, 9.49, 1585.32]
k: PHX5 v: [93.0, 971.4, 7.97, 1331.64]
